seq,gene,primer_0,primer_1,primer_2,primer_3,primer_4,primer_5,primer_6,primer_7,primer_8,primer_9
CAGGTTCAGCTGGTGCAGTCTGGAGCTGAG,IGHV1-18*01,,,1,,,,,,,
CAGGTTCAGCTGGTGCAGTCTGGAGCTGAG,IGHV1-18*03,,,1,,,,,,,
CAGGTTCAGCTGGTGCAGTCTGGAGCTGAG,IGHV1-18*04,,,1,,,,,,,
CAGGTGCAGCTGGTGCAGTCTGGGGCTGAG,IGHV1-2*01,,,1,,,,,,,
CAGGTGCAGCTGGTGCAGTCTGGGGCTGAG,IGHV1-2*02,,,1,,,,,,,
CAGGTGCAGCTGGTGCAGTCTGGGGCTGAG,IGHV1-2*03,,,1,,,,,,,
CAGGTGCAGCTGGTGCAGTCTGGGGCTGAG,IGHV1-2*04,,,1,,,,,,,
CAGGTGCAGCTGGTGCAGTCTGGGGCTGAG,IGHV1-2*05,,,1,,,,,,,
CAGGTGCAGCTGGTGCAGTCTGGGGCTGAG,IGHV1-2*06,,,1,,,,,,,
CAGGTCCAGCTGGTACAGTCTGGGGCTGAG,IGHV1-24*01,,,,,,,,1,,
CAGGTCCAGCTTGTGCAGTCTGGGGCTGAG,IGHV1-3*01,,,,,,,,,,
CAGGTTCAGCTGGTGCAGTCTGGGGCTGAG,IGHV1-3*02,,,1,,,,,,,
CAGATGCAGCTGGTGCAGTCTGGGGCTGAG,IGHV1-45*01,,,1,,,,,,,
CAGATGCAGCTGGTGCAGTCTGGGGCTGAG,IGHV1-45*02,,,1,,,,,,,
CAGATGCAGCTGGTGCAGTCTGGGGCTGAG,IGHV1-45*03,,,1,,,,,,,
CAGGTGCAGCTGGTGCAGTCTGGGGCTGAG,IGHV1-46*01,,,1,,,,,,,
CAGGTGCAGCTGGTGCAGTCTGGGGCTGAG,IGHV1-46*02,,,1,,,,,,,
CAGGTGCAGCTGGTGCAGTCTGGGGCTGAG,IGHV1-46*03,,,1,,,,,,,
CAAATGCAGCTGGTGCAGTCTGGGCCTGAG,IGHV1-58*01,,,,,,,,,,
CAAATGCAGCTGGTGCAGTCTGGGCCTGAG,IGHV1-58*02,,,,,,,,,,
CAGGTGCAGCTGGTGCAGTCTGGGGCTGAG,IGHV1-69*01,,,1,,,,,,,
CAGGTCCAGCTGGTGCAATCTGGGGCTGAG,IGHV1-69*02,,,,,,1,,,,
CAGGTCCAGCTGGTGCAGTCTGGGGCTGAG,IGHV1-69*04,,,1,,,,,1,,
CAGGTCCAGCTGGTGCAGTCTGGGGCTGAG,IGHV1-69*05,,,1,,,,,1,,
CAGGTGCAGCTGGTGCAGTCTGGGGCTGAG,IGHV1-69*06,,,1,,,,,,,
CAGGTCCAGCTGGTGCAATCTGGGGCTGAG,IGHV1-69*08,,,,,,1,,,,
CAGGTGCAGCTGGTGCAGTCTGGGGCTGAG,IGHV1-69*09,,,1,,,,,,,
CAGGTCCAGCTGGTGCAGTCTGGGGCTGAG,IGHV1-69*10,,,1,,,,,1,,
CAGGTCCAGCTGGTGCAGTCTGGGGCTGAG,IGHV1-69*11,,,1,,,,,1,,
CAGGTCCAGCTGGTGCAGTCTGGGGCTGAG,IGHV1-69*12,,,1,,,,,1,,
CAGGTCCAGCTGGTGCAGTCTGGGGCTGAG,IGHV1-69*13,,,1,,,,,1,,
CAGGTCCAGCTGGTGCAGTCTGGGGCTGAG,IGHV1-69*14,,,1,,,,,1,,
CAGGTCCAGCTGGTGCAGTCTGGGGCTGAG,IGHV1-69*15,,,1,,,,,1,,
CAGGTCCAGCTGGTGCAGTCTGGGGCTGAG,IGHV1-69*16,,,1,,,,,1,,
CAGGTGCAGCTGGTGCAGTCTGGGGCTGAG,IGHV1-69*17,,,1,,,,,,,
GAGGTCCAGCTGGTACAGTCTGGGGCTGAG,IGHV1-69-2*01,,,,,,,,1,,
CAGGTGCAGCTGGTGCAGTCTGGGGCTGAG,IGHV1-69D*01,,,1,,,,,,,
CAGGTGCAGCTGGTGCAGTCTGGGGCTGAG,IGHV1-8*01,,,1,,,,,,,
CAGGTGCAGCTGGTGCAGTCTGGGGCTGAG,IGHV1-8*02,,,1,,,,,,,
CAGGTGCAGCTGGTGCAGTCTGGGGCTGAG,IGHV1-8*03,,,1,,,,,,,
CAGGTCACCTTGAAGGAGTCTGGTCCTGTG,IGHV2-26*01,,,,1,,,,,,
CAGGTCACCTTGAAGGAGTCTGGTCCTGTG,IGHV2-26*02,,,,1,,,,,,
CAGGTCACCTTGAAGGAGTCTGGTCCTGTG,IGHV2-26*03,,,,1,,,,,,
CAGATCACCTTGAAGGAGTCTGGTCCTACG,IGHV2-5*01,,,,1,,,,,,
CAGATCACCTTGAAGGAGTCTGGTCCTACG,IGHV2-5*02,,,,1,,,,,,
CAGATCACCTTGAAGGAGTCTGGTCCTACG,IGHV2-5*05,,,,1,,,,,,
CAGATCACCTTGAAGGAGTCTGGTCCTACG,IGHV2-5*06,,,,1,,,,,,
CAGGTCACCTTGAAGGAGTCTGGTCCTGCG,IGHV2-5*08,,,,1,,,,,,
CAGGTCACCTTGAAGGAGTCTGGTCCTACG,IGHV2-5*09,,,,1,,,,,,
CAGGTCACCTTGAGGGAGTCTGGTCCTGCG,IGHV2-70*01,,,,1,,,,,,
CAGGTCACCTTGAAGGAGTCTGGTCCTGCG,IGHV2-70*04,,,,1,,,,,,
CAGGTCACCTTGAAGGAGTCTGGTCCTGCG,IGHV2-70*10,,,,1,,,,,,
CGGGTCACCTTGAGGGAGTCTGGTCCTGCG,IGHV2-70*11,,,,,,,,,,
CAGATCACCTTGAAGGAGTCTGGTCCTACG,IGHV2-70*12,,,,1,,,,,,
CAGGTCACCTTGAGGGAGTCTGGTCCTGCG,IGHV2-70*13,,,,1,,,,,,
CAGGTCACCTTGAGGGAGTCTGGTCCTGCG,IGHV2-70*15,,,,1,,,,,,
CAGGTCACCTTGAAGGAGTCTGGTCCTGTG,IGHV2-70*16,,,,1,,,,,,
CAGGTCACCTTGAGGGAGTCTGGTCCTGCG,IGHV2-70*17,,,,1,,,,,,
CAGGTCACCTTGAAGGAGTCTGGTCCTGCG,IGHV2-70D*04,,,,1,,,,,,
CAGGTCACCTTGAAGGAGTCTGGTCCTGCG,IGHV2-70D*14,,,,1,,,,,,
CAGGTGCAGCTGGTGGAGTCTGGGGGAGGC,IGHV3-11*01,1,,,,,,,,1,
CAGGTGCAGCTGTTGGAGTCTGGGGGAGGC,IGHV3-11*03,1,,,,,,,,,
CAGGTGCAGCTGGTGGAGTCTGGGGGAGGC,IGHV3-11*04,1,,,,,,,,1,
CAGGTGCAGCTGGTGGAGTCTGGGGGAGGC,IGHV3-11*05,1,,,,,,,,1,
CAGGTGCAGCTGGTGGAGTCTGGGGGAGGC,IGHV3-11*06,1,,,,,,,,1,
GAGGTGCAGCTGGTGGAGTCTGGGGGAGGC,IGHV3-13*01,1,,,,,,,,1,
GAGGTGCATCTGGTGGAGTCTGGGGGAGGC,IGHV3-13*02,1,,,,,,,,1,
GAGGTGCAGCTGGTGGAGTCTGGGGGAGGC,IGHV3-13*03,1,,,,,,,,1,
GAGGTGCAGCTGGTGGAGTCTGGGGGAGGC,IGHV3-13*04,1,,,,,,,,1,
GAGGTGCAGCTGGTGGAGTCTGGGGGAGGC,IGHV3-13*05,1,,,,,,,,1,
GAGGTGCAGCTGGTGGAGTCTGGGGGAGGC,IGHV3-15*01,1,,,,,,,,1,
GAGGTGCAGCTGGTGGAGTCTGGGGGAGCC,IGHV3-15*02,1,,,,,,,,1,
GAGGTGCAGCTGGTGGAGTCTGCCGGAGCC,IGHV3-15*03,1,,,,,,,,1,
GAGGTGCAGCTGGTGGAGTCTGGGGGAGGC,IGHV3-15*04,1,,,,,,,,1,
GAGGTGCAGCTGGTGGAGTCTGGGGGAGGC,IGHV3-15*05,1,,,,,,,,1,
GAGGTGCAGCTGGTGGAGTCTGGGGGAGGC,IGHV3-15*06,1,,,,,,,,1,
GAGGTGCAGCTGGTGGAGTCTGGGGGAGGC,IGHV3-15*07,1,,,,,,,,1,
GAGGTGCAGCTGGTGGAGTCTGCGGGAGGC,IGHV3-15*08,1,,,,,,,,1,
GAGGTGCAGCTGGTGGAGTCTGGGGGAGGT,IGHV3-20*01,1,,,,,,,,1,
GAGGTGCAGCTGGTGGAGTCTGGGGGAGGC,IGHV3-21*01,1,,,,,,,,1,
GAGGTGCAACTGGTGGAGTCTGGGGGAGGC,IGHV3-21*02,1,,,,,,,,1,
GAGGTGCAGCTGGTGGAGTCTGGGGGAGGC,IGHV3-21*03,1,,,,,,,,1,
GAGGTGCAGCTGGTGGAGTCTGGGGGAGGC,IGHV3-21*04,1,,,,,,,,1,
GAGGTGCAGCTGTTGGAGTCTGGGGGAGGC,IGHV3-23*01,1,,,,,,,,,
GAGGTGCAGCTGTTGGAGTCTGGGGGAGGC,IGHV3-23*02,1,,,,,,,,,
GAGGTGCAGCTGTTGGAGTCTGGGGGAGGC,IGHV3-23*03,1,,,,,,,,,
GAGGTGCAGCTGGTGGAGTCTGGGGGAGGC,IGHV3-23*04,1,,,,,,,,1,
GAGGTGCAGCTGTTGGAGTCTGGGGGAGGC,IGHV3-23D*01,1,,,,,,,,,
CAGGTGCAGCTGGTGGAGTCTGGGGGAGGC,IGHV3-30*01,1,,,,,,,,1,
CAGGTGCAGCTGGTGGAGTCTGGGGGAGGC,IGHV3-30*02,1,,,,,,,,1,
CAGGTGCAGCTGGTGGAGTCTGGGGGAGGC,IGHV3-30*03,1,,,,,,,,1,
CAGGTGCAGCTGGTGGAGTCTGGGGGAGGC,IGHV3-30*04,1,,,,,,,,1,
CAGGTGCAGCTGGTGGAGTCTGGGGGAGGC,IGHV3-30*05,1,,,,,,,,1,
CAGGTGCAGCTGGTGGAGTCTGGGGGAGGC,IGHV3-30*06,1,,,,,,,,1,
CAGGTGCAGCTGGTGGAGTCTGGGGGAGGC,IGHV3-30*07,1,,,,,,,,1,
CAGGTGCAGCTGGTGGACTCTGGGGGAGGC,IGHV3-30*08,,,,,,,,,,1
CAGGTGCAGCTGGTGGAGTCTGGGGGAGGC,IGHV3-30*09,1,,,,,,,,1,
CAGGTGCAGCTGGTGGAGTCTGGGGGAGGC,IGHV3-30*10,1,,,,,,,,1,
CAGGTGCAGCTGGTGGAGTCTGGGGGAGGC,IGHV3-30*11,1,,,,,,,,1,
CAGGTGCAGCTGGTGGAGTCTGGGGGGGGC,IGHV3-30*12,1,,,,,,,,1,
CAGGTGCAGCTGGTGGAGTCTGGGGGAGGC,IGHV3-30*13,1,,,,,,,,1,
CAGGTGCAGCTGGTGGAGTCTGGGGGAGGC,IGHV3-30*14,1,,,,,,,,1,
CAGGTGCAGCTGGTGGAGTCTGGGGGAGGC,IGHV3-30*15,1,,,,,,,,1,
CAGGTGCAGCTGGTGGAGTCTGGGGGAGGC,IGHV3-30*16,1,,,,,,,,1,
CAGGTGCAGCTGGTGGAGTCTGGGGGAGGC,IGHV3-30*17,1,,,,,,,,1,
CAGGTGCAGCTGGTGGAGTCTGGGGGAGGC,IGHV3-30*18,1,,,,,,,,1,
CAGGTGCAGCTGGTGGAGTCTGGGGGAGGC,IGHV3-30*19,1,,,,,,,,1,
CAGGTGCAGCTGGTGGAGTCTGGGGGAGGC,IGHV3-30-3*01,1,,,,,,,,1,
CAGGTGCAGCTGGTGGAGTCTGGGGGAGGC,IGHV3-30-3*02,1,,,,,,,,1,
CAGGTGCAGCTGGTGGAGTCTGGGGGAGGC,IGHV3-30-3*03,1,,,,,,,,1,
CAGGTGCAGCTGGTGGAGTCTGGGGGAGGC,IGHV3-30-5*01,1,,,,,,,,1,
CAGGTGCAGCTGGTGGAGTCTGGGGGAGGC,IGHV3-30-5*02,1,,,,,,,,1,
CAGGTGCAGCTGGTGGAGTCTGGGGGAGGC,IGHV3-33*01,1,,,,,,,,1,
CAGGTACAGCTGGTGGAGTCTGGGGGAGGC,IGHV3-33*02,1,,,,,,,,,
CAGGTGCAGCTGGTGGAGTCTGGGGGAGGC,IGHV3-33*03,1,,,,,,,,1,
CAGGTGCAGCTGGTGGAGTCTGGGGGAGGC,IGHV3-33*04,1,,,,,,,,1,
CAGGTGCAGCTGGTGGAGTCTGGGGGAGGC,IGHV3-33*05,1,,,,,,,,1,
CAGGTGCAGCTGGTGGAGTCTGGGGGAGGC,IGHV3-33*06,1,,,,,,,,1,
GAAGTGCAGCTGGTGGAGTCTGGGGGAGTC,IGHV3-43*01,1,,,,,,,,,
GAAGTGCAGCTGGTGGAGTCTGGGGGAGGC,IGHV3-43*02,1,,,,,,,,,
GAAGTGCAGCTGGTGGAGTCTGGGGGAGTC,IGHV3-43D*03,1,,,,,,,,,
GAAGTGCAGCTGGTGGAGTCTGGGGGAGTC,IGHV3-43D*04,1,,,,,,,,,
GAGGTGCAGCTGGTGGAGTCTGGGGGAGGC,IGHV3-48*01,1,,,,,,,,1,
GAGGTGCAGCTGGTGGAGTCTGGGGGAGGC,IGHV3-48*02,1,,,,,,,,1,
GAGGTGCAGCTGGTGGAGTCTGGGGGAGGC,IGHV3-48*03,1,,,,,,,,1,
GAGGTGCAGCTGGTGGAGTCTGGGGGAGGC,IGHV3-48*04,1,,,,,,,,1,
GAGGTGCAGCTGGTGGAGTCTGGGGGAGGC,IGHV3-49*01,1,,,,,,,,1,
GAGGTGCAGCTGGTGGAGTCTGGGGGAGGC,IGHV3-49*02,1,,,,,,,,1,
GAGGTGCAGCTGGTGGAGTCTGGGGGAGGC,IGHV3-49*03,1,,,,,,,,1,
GAGGTGCAGCTGGTGGAGTCTGGGGGAGGC,IGHV3-49*04,1,,,,,,,,1,
GAGGTGCAGCTGGTGGAGTCTGGGGGAGGC,IGHV3-49*05,1,,,,,,,,1,
GAGGTGCAGCTGGTGGAGTCTGGAGGAGGC,IGHV3-53*01,1,,,,,,,,1,
GAGGTGCAGCTGGTGGAGACTGGAGGAGGC,IGHV3-53*02,1,,,,,,,,,
GAGGTGCAGCTGGTGGAGTCTGGAGGAGGC,IGHV3-53*03,1,,,,,,,,1,
GAGGTGCAGCTGGTGGAGTCTGGAGGAGGC,IGHV3-53*04,1,,,,,,,,1,
GAGGTGCAGCTGGTGGAGTCTGGGGGAGGC,IGHV3-64*01,1,,,,,,,,1,
GAGGTGCAGCTGGTGGAGTCTGGGGAAGGC,IGHV3-64*02,1,,,,,,,,1,
GAGGTGCAGCTGGTGGAGTCTGGGGGAGGC,IGHV3-64*03,1,,,,,,,,1,
CAGGTGCAGCTGGTGGAGTCTGGGGGAGGC,IGHV3-64*04,1,,,,,,,,1,
GAGGTGCAGCTGGTGGAGTCTGGGGGAGGC,IGHV3-64*05,1,,,,,,,,1,
GAGGTGCAGCTGGTGGAGTCTGGGGGAGGC,IGHV3-64D*06,1,,,,,,,,1,
GAGGTGCAGCTGGTGGAGTCTGGGGGAGGC,IGHV3-66*01,1,,,,,,,,1,
GAGGTGCAGCTGGTGGAGTCTGGGGGAGGC,IGHV3-66*02,1,,,,,,,,1,
GAGGTGCAGCTGGTGGAGTCTGGAGGAGGC,IGHV3-66*03,1,,,,,,,,1,
GAGGTGCAGCTGGTGGAGTCTGGGGGAGGC,IGHV3-66*04,1,,,,,,,,1,
GAGGTGCAGCTGGTGGAGTCTGGGGGAGGC,IGHV3-7*01,1,,,,,,,,1,
GAGGTGCAGCTGGTGGAGTCTGGGGGAGGC,IGHV3-7*02,1,,,,,,,,1,
GAGGTGCAGCTGGTGGAGTCTGGGGGAGGC,IGHV3-7*03,1,,,,,,,,1,
GAGGTGCAGCTGGTGGAGTCTGGGGGAGGC,IGHV3-72*01,1,,,,,,,,1,
GAGGTGCAGCTGGTGGAGTCTGGGGGAGGC,IGHV3-73*01,1,,,,,,,,1,
GAGGTGCAGCTGGTGGAGTCCGGGGGAGGC,IGHV3-73*02,1,,,,,,,,1,
GAGGTGCAGCTGGTGGAGTCCGGGGGAGGC,IGHV3-74*01,1,,,,,,,,1,
GAGGTGCAGCTGGTGGAGTCTGGGGGAGGC,IGHV3-74*02,1,,,,,,,,1,
GAGGTGCAGCTGGTGGAGTCCGGGGGAGGC,IGHV3-74*03,1,,,,,,,,1,
GAAGTGCAGCTGGTGGAGTCTGGGGGAGGC,IGHV3-9*01,1,,,,,,,,,
GAAGTGCAGCTGGTGGAGTCTGGGGGAGGC,IGHV3-9*02,1,,,,,,,,,
GAAGTGCAGCTGGTGGAGTCTGGGGGAGGC,IGHV3-9*03,1,,,,,,,,,
CAGGTGCAGCTGGTGGAGTCTGGGGGAGGC,IGHV3-NL1*01,1,,,,,,,,1,
CAGGTGCAGCTGCAGGAGTCGGGCCCAGGA,IGHV4-28*01,,1,,,,,,,,
CAGGTGCAGCTGCAGGAGTCGGGCCCAGGA,IGHV4-28*02,,1,,,,,,,,
CAGGTGCAGCTGCAGGAGTCGGGCCCAGGA,IGHV4-28*03,,1,,,,,,,,
CAGGTGCAGCTGCAGGAGTCGGGCCCAGGA,IGHV4-28*04,,1,,,,,,,,
CAGGTGCAGCTGCAGGAGTCGGGCCCAGGA,IGHV4-28*05,,1,,,,,,,,
CAGGTGCAGCTACAGGAGTCGGGCCCAGGA,IGHV4-28*06,,1,,,,,,,,
CAGGTACAGCTGCAGGAGTCGGGCCCAGGA,IGHV4-28*07,,1,,,,,1,,,
CAGCTGCAGCTGCAGGAGTCCGGCTCAGGA,IGHV4-30-2*01,,1,,,,,,,,
CAGCTGCAGCTGCAGGAGTCCGGCTCAGGA,IGHV4-30-2*03,,1,,,,,,,,
CAGCTGCAGCTGCAGGAGTCCGGCTCAGGA,IGHV4-30-2*05,,1,,,,,,,,
CAGCTGCAGCTGCAGGAGTCCGGCTCAGGA,IGHV4-30-2*06,,1,,,,,,,,
CAGGTGCAGCTGCAGGAGTCGGGCCCAGGA,IGHV4-30-4*01,,1,,,,,,,,
CAGGTGCAGCTGCAGGAGTCGGGCCCAGGA,IGHV4-30-4*02,,1,,,,,,,,
CAGGTGCAGCTGCAGGAGTCGGGCCCAGGA,IGHV4-30-4*07,,1,,,,,,,,
CAGGTGCAGCTGCAGGAGTCGGGCCCAGGA,IGHV4-31*01,,1,,,,,,,,
CAGGTGCAGCTGCAGGAGTCGGGCCCAGGA,IGHV4-31*02,,1,,,,,,,,
CAGGTGCAGCTGCAGGAGTCGGGCCCAGGA,IGHV4-31*03,,1,,,,,,,,
CAGGTGCAGCTGCAGGAGTCGGGCCCAGGA,IGHV4-31*10,,1,,,,,,,,
CAGGTGCAGCTACAGCAGTGGGGCGCAGGA,IGHV4-34*01,,,,,1,,,,,
CAGGTGCAGCTACAACAGTGGGGCGCAGGA,IGHV4-34*02,,,,,1,,,,,
CAGGTGCAGCTACAGCAGTGGGGCGCAGGA,IGHV4-34*04,,,,,1,,,,,
CAGGTGCAGCTACAGCAGTGGGGCGCAGGA,IGHV4-34*05,,,,,1,,,,,
CAGGTGCAGCTGCAGGAGTCGGGCCCAGGA,IGHV4-34*09,,1,,,,,,,,
CAGGTGCAGCTGCAGGAGTCGGGCCCAGGA,IGHV4-34*10,,1,,,,,,,,
CAGGTGCAGCTACAGCAGTGGGGCGCAGGA,IGHV4-34*11,,,,,1,,,,,
CAGGTGCAGCTACAGCAGTGGGGCGCAGGA,IGHV4-34*12,,,,,1,,,,,
CAGGTGCAGCTGCAGGAGTCGGGCCCAGGA,IGHV4-38-2*01,,1,,,,,,,,
CAGGTGCAGCTGCAGGAGTCGGGCCCAGGA,IGHV4-38-2*02,,1,,,,,,,,
CAGCTGCAGCTGCAGGAGTCGGGCCCAGGA,IGHV4-39*01,,1,,,,,,,,
CAGCTGCAGCTGCAGGAGTCGGGCCCAGGA,IGHV4-39*02,,1,,,,,,,,
CGGCTGCAGCTGCAGGAGTCGGGCCCAGGA,IGHV4-39*06,,,,,,,,,,
CAGCTGCAGCTGCAGGAGTCGGGCCCAGGA,IGHV4-39*07,,1,,,,,,,,
CAGGTGCAGCTGCAGGAGTCGGGCCCAGGA,IGHV4-4*01,,1,,,,,,,,
CAGGTGCAGCTGCAGGAGTCGGGCCCAGGA,IGHV4-4*02,,1,,,,,,,,
CAGGTGCAGCTGCAGGAGTCGGGCCCAGGA,IGHV4-4*07,,1,,,,,,,,
CAGGTGCAGCTGCAGGAGTCGGGCCCAGGA,IGHV4-4*08,,1,,,,,,,,
CAGGTGCAGCTGCAGGAGTCGGGCCCAGGA,IGHV4-59*01,,1,,,,,,,,
CAGGTGCAGCTGCAGGAGTCGGGCCCAGGA,IGHV4-59*02,,1,,,,,,,,
CAGGTGCAGCTGCAGGAGTCGGGCCCAGGA,IGHV4-59*07,,1,,,,,,,,
CAGGTGCAGCTGCAGGAGTCGGGCCCAGGA,IGHV4-59*08,,1,,,,,,,,
CAGGTGCAGCTACAGCAGTGGGGCGCAGGA,IGHV4-59*10,,,,,1,,,,,
CAGGTGCAGCTGCAGGAGTCGGGCCCAGGA,IGHV4-61*01,,1,,,,,,,,
CAGGTGCAGCTGCAGGAGTCGGGCCCAGGA,IGHV4-61*02,,1,,,,,,,,
CAGGTGCAGCTGCAGGAGTCGGGCCCAGGA,IGHV4-61*03,,1,,,,,,,,
CAGCTGCAGCTGCAGGAGTCGGGCCCAGGA,IGHV4-61*05,,1,,,,,,,,
CAGGTGCAGCTGCAGGAGTCGGGCCCAGGA,IGHV4-61*08,,1,,,,,,,,
GAAGTGCAGCTGGTGCAGTCTGGAGCAGAG,IGHV5-10-1*01,,,1,,,,,,,
GAAGTGCAGCTGGTGCAGTCTGGAGCAGAG,IGHV5-10-1*02,,,1,,,,,,,
GAAGTGCAGCTGGTGCAGTCCGGAGCAGAG,IGHV5-10-1*03,,,1,,,,,,,
GAAGTGCAGCTGGTGCAGTCTGGAGCAGAG,IGHV5-10-1*04,,,1,,,,,,,
GAGGTGCAGCTGGTGCAGTCTGGAGCAGAG,IGHV5-51*01,,,1,,,,,,,
GAGGTGCAGCTGGTGCAGTCTGGAGCAGAG,IGHV5-51*02,,,1,,,,,,,
GAGGTGCAGCTGGTGCAGTCTGGAGCAGAG,IGHV5-51*03,,,1,,,,,,,
GAGGTGCAGCTGGTGCAGTCTGGAGCAGAG,IGHV5-51*04,,,1,,,,,,,
CAGGTACAGCTGCAGCAGTCAGGTCCAGGA,IGHV6-1*01,,,,,,,1,,,
CAGGTACAGCTGCAGCAGTCAGGTCCGGGA,IGHV6-1*02,,,,,,,1,,,
CAGGTGCAGCTGGTGCAATCTGGGTCTGAG,IGHV7-4-1*01,,,,,,1,,,,
CAGGTGCAGCTGGTGCAATCTGGGTCTGAG,IGHV7-4-1*02,,,,,,1,,,,
CAGGTGCAGCTGGTGCAATCTGGGTCTGAG,IGHV7-4-1*04,,,,,,1,,,,
CAGGTGCAGCTGGTGCAATCTGGGTCTGAG,IGHV7-4-1*05,,,,,,1,,,,
